[gd_scene format=3 uid="uid://mmhmyryxmbn8"]

[ext_resource type="Script" uid="uid://ct1gbjwefmypu" path="res://Scripts/Enemies/Enemy.cs" id="1_do72q"]
[ext_resource type="PackedScene" uid="uid://ddy1iprhf2ql3" path="res://addons/kaykit_skeleton_pack/enemy_skeleton_warrior.tscn" id="2_evwpn"]
[ext_resource type="PackedScene" uid="uid://dbch8185xjxrs" path="res://Prefabs/damage_particles.tscn" id="3_sivra"]

[sub_resource type="SphereShape3D" id="SphereShape3D_gkcq5"]
radius = 1.0

[sub_resource type="AnimationNodeAnimation" id="AnimationNodeAnimation_ptn36"]
animation = &"KayKit Animated Character|Idle"

[sub_resource type="AnimationNodeStateMachineTransition" id="AnimationNodeStateMachineTransition_gor3g"]
advance_mode = 2

[sub_resource type="AnimationNodeStateMachineTransition" id="AnimationNodeStateMachineTransition_xywv6"]
switch_mode = 2
advance_mode = 2

[sub_resource type="AnimationNodeStateMachine" id="AnimationNodeStateMachine_37bnq"]
"states/KayKit Animated Character|Idle/node" = SubResource("AnimationNodeAnimation_ptn36")
"states/KayKit Animated Character|Idle/position" = Vector2(482, 100)
states/Start/position = Vector2(162, 100)
transitions = ["Start", "KayKit Animated Character|Idle", SubResource("AnimationNodeStateMachineTransition_gor3g"), "KayKit Animated Character|Idle", "End", SubResource("AnimationNodeStateMachineTransition_xywv6")]

[node name="EnemyWarrior" type="AnimatableBody3D" unique_id=1303418898]
collision_layer = 2
collision_mask = 15
axis_lock_linear_y = true
axis_lock_angular_x = true
axis_lock_angular_z = true
script = ExtResource("1_do72q")
Lifepoints = 15
Damages = 15
Experience = 3

[node name="EnemySkeletonWarrior" parent="." unique_id=891149584 instance=ExtResource("2_evwpn")]

[node name="Skeleton3D" parent="EnemySkeletonWarrior/RootNode/KayKit Animated Character" parent_id_path=PackedInt32Array(891149584, 1299331446) index="0" unique_id=488906677]
bones/0/rotation = Quaternion(-0.0348664, -0.00152229, -0.0435928, 0.99844)
bones/1/rotation = Quaternion(0.05873079, -2.3283067e-10, 1.9099392e-10, 0.9982739)
bones/2/rotation = Quaternion(0.68162775, 0.18810576, -0.6816276, 0.18810578)
bones/3/rotation = Quaternion(-0.6066168, 0.6066169, -0.36334014, -0.3633401)
bones/4/rotation = Quaternion(0.700431, -0.29656217, -0.64614606, -0.06279064)
bones/5/rotation = Quaternion(0.30050638, -0.3765909, 0.6798765, 0.55285007)

[node name="Body" parent="EnemySkeletonWarrior/RootNode/KayKit Animated Character/Skeleton3D" index="1"]
transform = Transform3D(0.9961947, 0.08715567, 1.7229468e-08, -0.08694336, 0.99376804, 0.06975669, 0.0060796733, -0.06949124, 0.997564, 0, 0, 0)

[node name="Head" parent="EnemySkeletonWarrior/RootNode/KayKit Animated Character/Skeleton3D" index="2"]
transform = Transform3D(0.99619466, 0.086554416, -0.010219753, -0.08694335, 0.995092, -0.047252588, 0.0060796733, 0.047961317, 0.9988306, 0.00062019785, 0.007071633, -0.0004944982)

[node name="ArmLeft" parent="EnemySkeletonWarrior/RootNode/KayKit Animated Character/Skeleton3D" index="3"]
transform = Transform3D(2.228795e-07, 0.4361006, -0.899898, -0.06975675, -0.89770585, -0.43503836, -0.997565, 0.06277395, 0.030420706, 0.0019974394, 0.0067511583, -0.00047208846)

[node name="ArmRight" parent="EnemySkeletonWarrior/RootNode/KayKit Animated Character/Skeleton3D" index="4"]
transform = Transform3D(-0.040002234, -0.56583476, -0.82354784, -0.3970065, -0.74735695, 0.53277004, -0.91694474, 0.34826544, -0.19474396, -0.0007919056, 0.0069945995, -0.00048911147)

[node name="HandSlotLeft" parent="EnemySkeletonWarrior/RootNode/KayKit Animated Character/Skeleton3D" index="5"]
transform = Transform3D(-0.9991912, -3.679702e-08, 0.040213585, 0.040115476, 0.06975671, 0.99675745, -0.0028051436, 0.997565, -0.06970019, 0.004400016, 0.0018054964, -0.00012625256)

[node name="HandSlotRight" parent="EnemySkeletonWarrior/RootNode/KayKit Animated Character/Skeleton3D" index="6"]
transform = Transform3D(-0.96840304, 0.24665318, 0.03685251, 0.12949643, 0.3710364, 0.9195452, 0.2131353, 0.89526325, -0.39125305, -0.0039092163, 0.0028772429, 0.0014295606)

[node name="CollisionShape3D" type="CollisionShape3D" parent="." unique_id=622766723]
transform = Transform3D(0.765, 0, 0, 0, 0.765, 0, 0, 0, 0.765, 0, 0.754766, 0)
shape = SubResource("SphereShape3D_gkcq5")

[node name="DamageParticles" parent="." unique_id=971929875 instance=ExtResource("3_sivra")]
transform = Transform3D(1, 0, 0, 0, 1, 0, 0, 0, 1, 0, 0.57005, 0)

[node name="AttackCooldown" type="Timer" parent="." unique_id=1886971649]
one_shot = true
autostart = true

[node name="AnimationTree" type="AnimationTree" parent="." unique_id=1282492661]
root_node = NodePath("../EnemySkeletonWarrior")
root_motion_track = NodePath("RootNode/KayKit Animated Character/Skeleton3D:Body")
tree_root = SubResource("AnimationNodeStateMachine_37bnq")
anim_player = NodePath("../EnemySkeletonWarrior/AnimationPlayer")

[editable path="EnemySkeletonWarrior"]
